# Created by Octave 5.1.0, Sun May 12 01:40:11 2019 GMT <unknown@DESKTOP-8HHKDTJ>
# name: k1
# type: matrix
# rows: 1
# columns: 5
 2.8421052631578951 8.6586199043498091 19.976200590452109 30.845175770167593 46.895153512751371


# name: k2
# type: matrix
# rows: 1
# columns: 5
 1.0819338063703732 1.4894421845999803 2.1138561641494484 2.9349144108754555 3.9490174286104724


# name: t1
# type: matrix
# rows: 1
# columns: 8
 0.0034260749816894531 0.0045421123504638672 0.0044271945953369141 0.0048050880432128906 0.0093410015106201172 0.0089659690856933594 0.0097169876098632812 0.01428985595703125


# name: t2
# type: matrix
# rows: 1
# columns: 8
 0.0033679008483886719 0.0055480003356933594 0.0095820426940917969 0.0088160037994384766 0.019662857055664062 0.019442081451416016 0.021725177764892578 0.03161311149597168


# name: t3
# type: matrix
# rows: 1
# columns: 8
 3.6954879760742188e-05 0.00025892257690429688 0.00077319145202636719 0.00102996826171875 0.016220808029174805 0.016982078552246094 0.027089834213256836 0.044744014739990234


# name: t4
# type: matrix
# rows: 1
# columns: 8
 0.0034468173980712891 0.13177394866943359 1.2497649192810059 7.0295660495758057 28.147917985916138 84.301916122436523 232.68050789833069 488.68710088729858


